x   y
118 52
118 106
118 160
118 214
118 268
118 322
118 376
118 430
118 484
118 538
118 592
118 646
118 700
118 754
118 808
118 862
118 916
118 970
118 1024
118 1078
118 1132
118 1186
118 1240
118 1294
118 1348
118 1402
118 1456
118 1510
118 1564
118 1618
118 1672
118 1726
118 1780
118 1834
118 1888
118 1942
118 1996
216 52
216 106
216 160
216 214
216 268
216 322
216 376
216 430
216 484
216 538
216 592
216 646
216 700
216 754
216 808
216 862
216 916
216 970
216 1024
216 1078
216 1132
216 1186
216 1240
216 1294
216 1348
216 1402
216 1456
216 1510
216 1564
216 1618
216 1672
216 1726
216 1780
216 1834
216 1888
216 1942
216 1996
314 52
314 106
314 160
314 214
314 268
314 322
314 376
314 430
314 484
314 538
314 592
314 646
314 700
314 754
314 808
314 862
314 916
314 970
314 1024
314 1078
314 1132
314 1186
314 1240
314 1294
314 1348
314 1402
314 1456
314 1510
314 1564
314 1618
314 1672
314 1726
314 1780
314 1834
314 1888
314 1942
314 1996
412 52
412 106
412 160
412 214
412 268
412 322
412 376
412 430
412 484
412 538
412 592
412 646
412 700
412 754
412 808
412 862
412 916
412 970
412 1024
412 1078
412 1132
412 1186
412 1240
412 1294
412 1348
412 1402
412 1456
412 1510
412 1564
412 1618
412 1672
412 1726
412 1780
412 1834
412 1888
412 1942
412 1996
510 52
510 106
510 160
510 214
510 268
510 322
510 376
510 430
510 484
510 538
510 592
510 646
510 700
510 754
510 808
510 862
510 916
510 970
510 1024
510 1078
510 1132
510 1186
510 1240
510 1294
510 1348
510 1402
510 1456
510 1510
510 1564
510 1618
510 1672
510 1726
510 1780
510 1834
510 1888
510 1942
510 1996
608 52
608 106
608 160
608 214
608 268
608 322
608 376
608 430
608 484
608 538
608 592
608 646
608 700
608 754
608 808
608 862
608 916
608 970
608 1024
608 1078
608 1132
608 1186
608 1240
608 1294
608 1348
608 1402
608 1456
608 1510
608 1564
608 1618
608 1672
608 1726
608 1780
608 1834
608 1888
608 1942
608 1996
706 52
706 106
706 160
706 214
706 268
706 322
706 376
706 430
706 484
706 538
706 592
706 646
706 700
706 754
706 808
706 862
706 916
706 970
706 1024
706 1078
706 1132
706 1186
706 1240
706 1294
706 1348
706 1402
706 1456
706 1510
706 1564
706 1618
706 1672
706 1726
706 1780
706 1834
706 1888
706 1942
706 1996
804 52
804 106
804 160
804 214
804 268
804 322
804 376
804 430
804 484
804 538
804 592
804 646
804 700
804 754
804 808
804 862
804 916
804 970
804 1024
804 1078
804 1132
804 1186
804 1240
804 1294
804 1348
804 1402
804 1456
804 1510
804 1564
804 1618
804 1672
804 1726
804 1780
804 1834
804 1888
804 1942
804 1996
902 52
902 106
902 160
902 214
902 268
902 322
902 376
902 430
902 484
902 538
902 592
902 646
902 700
902 754
902 808
902 862
902 916
902 970
902 1024
902 1078
902 1132
902 1186
902 1240
902 1294
902 1348
902 1402
902 1456
902 1510
902 1564
902 1618
902 1672
902 1726
902 1780
902 1834
902 1888
902 1942
902 1996
1000 52
1000 106
1000 160
1000 214
1000 268
1000 322
1000 376
1000 430
1000 484
1000 538
1000 592
1000 646
1000 700
1000 754
1000 808
1000 862
1000 916
1000 970
1000 1024
1000 1078
1000 1132
1000 1186
1000 1240
1000 1294
1000 1348
1000 1402
1000 1456
1000 1510
1000 1564
1000 1618
1000 1672
1000 1726
1000 1780
1000 1834
1000 1888
1000 1942
1000 1996
1098 52
1098 106
1098 160
1098 214
1098 268
1098 322
1098 376
1098 430
1098 484
1098 538
1098 592
1098 646
1098 700
1098 754
1098 808
1098 862
1098 916
1098 970
1098 1024
1098 1078
1098 1132
1098 1186
1098 1240
1098 1294
1098 1348
1098 1402
1098 1456
1098 1510
1098 1564
1098 1618
1098 1672
1098 1726
1098 1780
1098 1834
1098 1888
1098 1942
1098 1996
1196 52
1196 106
1196 160
1196 214
1196 268
1196 322
1196 376
1196 430
1196 484
1196 538
1196 592
1196 646
1196 700
1196 754
1196 808
1196 862
1196 916
1196 970
1196 1024
1196 1078
1196 1132
1196 1186
1196 1240
1196 1294
1196 1348
1196 1402
1196 1456
1196 1510
1196 1564
1196 1618
1196 1672
1196 1726
1196 1780
1196 1834
1196 1888
1196 1942
1196 1996
1294 52
1294 106
1294 160
1294 214
1294 268
1294 322
1294 376
1294 430
1294 484
1294 538
1294 592
1294 646
1294 700
1294 754
1294 808
1294 862
1294 916
1294 970
1294 1024
1294 1078
1294 1132
1294 1186
1294 1240
1294 1294
1294 1348
1294 1402
1294 1456
1294 1510
1294 1564
1294 1618
1294 1672
1294 1726
1294 1780
1294 1834
1294 1888
1294 1942
1294 1996
1392 52
1392 106
1392 160
1392 214
1392 268
1392 322
1392 376
1392 430
1392 484
1392 538
1392 592
1392 646
1392 700
1392 754
1392 808
1392 862
1392 916
1392 970
1392 1024
1392 1078
1392 1132
1392 1186
1392 1240
1392 1294
1392 1348
1392 1402
1392 1456
1392 1510
1392 1564
1392 1618
1392 1672
1392 1726
1392 1780
1392 1834
1392 1888
1392 1942
1392 1996
1490 52
1490 106
1490 160
1490 214
1490 268
1490 322
1490 376
1490 430
1490 484
1490 538
1490 592
1490 646
1490 700
1490 754
1490 808
1490 862
1490 916
1490 970
1490 1024
1490 1078
1490 1132
1490 1186
1490 1240
1490 1294
1490 1348
1490 1402
1490 1456
1490 1510
1490 1564
1490 1618
1490 1672
1490 1726
1490 1780
1490 1834
1490 1888
1490 1942
1490 1996
1588 52
1588 106
1588 160
1588 214
1588 268
1588 322
1588 376
1588 430
1588 484
1588 538
1588 592
1588 646
1588 700
1588 754
1588 808
1588 862
1588 916
1588 970
1588 1024
1588 1078
1588 1132
1588 1186
1588 1240
1588 1294
1588 1348
1588 1402
1588 1456
1588 1510
1588 1564
1588 1618
1588 1672
1588 1726
1588 1780
1588 1834
1588 1888
1588 1942
1588 1996
1686 52
1686 106
1686 160
1686 214
1686 268
1686 322
1686 376
1686 430
1686 484
1686 538
1686 592
1686 646
1686 700
1686 754
1686 808
1686 862
1686 916
1686 970
1686 1024
1686 1078
1686 1132
1686 1186
1686 1240
1686 1294
1686 1348
1686 1402
1686 1456
1686 1510
1686 1564
1686 1618
1686 1672
1686 1726
1686 1780
1686 1834
1686 1888
1686 1942
1686 1996
1784 52
1784 106
1784 160
1784 214
1784 268
1784 322
1784 376
1784 430
1784 484
1784 538
1784 592
1784 646
1784 700
1784 754
1784 808
1784 862
1784 916
1784 970
1784 1024
1784 1078
1784 1132
1784 1186
1784 1240
1784 1294
1784 1348
1784 1402
1784 1456
1784 1510
1784 1564
1784 1618
1784 1672
1784 1726
1784 1780
1784 1834
1784 1888
1784 1942
1784 1996
1882 52
1882 106
1882 160
1882 214
1882 268
1882 322
1882 376
1882 430
1882 484
1882 538
1882 592
1882 646
1882 700
1882 754
1882 808
1882 862
1882 916
1882 970
1882 1024
1882 1078
1882 1132
1882 1186
1882 1240
1882 1294
1882 1348
1882 1402
1882 1456
1882 1510
1882 1564
1882 1618
1882 1672
1882 1726
1882 1780
1882 1834
1882 1888
1882 1942
1882 1996
1980 52
1980 106
1980 160
1980 214
1980 268
1980 322
1980 376
1980 430
1980 484
1980 538
1980 592
1980 646
1980 700
1980 754
1980 808
1980 862
1980 916
1980 970
1980 1024
1980 1078
1980 1132
1980 1186
1980 1240
1980 1294
1980 1348
1980 1402
1980 1456
1980 1510
1980 1564
1980 1618
1980 1672
1980 1726
1980 1780
1980 1834
1980 1888
1980 1942
1980 1996
2018 52
2018 106
2018 160
2018 214
2018 268
2018 322
2018 376
2018 430
2018 484
2018 538
2018 592
2018 646
2018 700
2018 754
2018 808
2018 862
2018 916
2018 970
2018 1024
2018 1078
2018 1132
2018 1186
2018 1240
2018 1294
2018 1348
2018 1402
2018 1456
2018 1510
2018 1564
2018 1618
2018 1672
2018 1726
2018 1780
2018 1834
2018 1888
2018 1942
2018 1996
