0 -1.184712123122078 -0.9355289602332629 -1.4784801576662248 -1.1818583465584305
1 -1.2011717854386348 -0.9742898132905146 -1.4699498636188002 -1.1574807828072036
2 -1.2359897212565025 -1.006261309631199 -1.5055900177552384 -1.2024412102555129
3 -1.2310596900527055 -0.975128113137464 -1.493487760892478 -1.1795371249847972
4 -1.2187077286878334 -0.9835175306340703 -1.4802122206341295 -1.1734791837167085
5 -1.2327566818323776 -1.0160742289033664 -1.4873325213186477 -1.170501537180154
6 -1.2258292482770394 -0.9854917620933814 -1.4330917846289644 -1.2284677427263977
7 -1.2287355589200282 -0.9921453350418352 -1.461798627790389 -1.1581381564431628
8 -1.217161633411183 -0.9801359071550536 -1.4710021558675495 -1.1540408372492774
9 -1.222492935997403 -0.9936166914340656 -1.466383759625448 -1.1794562428124942
10 -1.234632474582667 -0.9848810786111154 -1.4798336159789613 -1.180060538235892
11 -1.2341581285385654 -0.9973851373021934 -1.4781780725218916 -1.1585825428693712
12 -1.1928749928046791 -0.9542476619610363 -1.4866895783175342 -1.1607368084311123
13 -1.214909806925107 -0.9678647448444301 -1.4434325213963444 -1.1888432678452205
14 -1.2222264652551014 -0.9735260722807727 -1.4471096556896086 -1.239722429985413
15 -1.2515574151502697 -0.9936147739254431 -1.4511282492447983 -1.2312932206925442
16 -1.2294846708025426 -1.0032349654543076 -1.4485508840324997 -1.2210193928845006
17 -1.242219057327525 -1.0146787992214557 -1.4788821984869527 -1.2337992489611587
18 -1.2395032519484774 -1.0353438729950812 -1.4802171921260263 -1.160169804208857
19 -1.2115631672378604 -0.9660639536352805 -1.4286873516982583 -1.187718736588237
20 -1.2241401570837573 -1.000916871464237 -1.4477200188371149 -1.223181124482203
21 -1.2123733997894268 -0.9807466718816926 -1.4893577699013365 -1.1831638808368008
22 -1.249466710311575 -1.0380062463663173 -1.4591560038787637 -1.2262352861533294
23 -1.2355699245744203 -0.9939178194993208 -1.4510598450902172 -1.24222005152417
24 -1.2026935357291126 -0.8907296193529757 -1.4500885838460758 -1.1825162871762043
25 -1.1855192527540375 -0.9461777886657626 -1.446276605635645 -1.1637762005561927
26 -1.202759008125609 -0.8735569602363539 -1.4644033919626736 -1.195797529960772
27 -1.2296930687298322 -1.011961025497909 -1.4408581644744056 -1.177713595968771
28 -1.2311189465717225 -0.9878711729310049 -1.4594500790845797 -1.1731954834109835
29 -1.2095572598603355 -0.9596423480007863 -1.452970389640067 -1.147442414286591
30 -1.2373415860336605 -1.0014106773229734 -1.4590926223449974 -1.15776225944678
31 -1.2186632152315218 -0.9729763939522879 -1.4505296671877783 -1.1877635403826532
32 -1.2258989740622652 -0.9021307193810411 -1.4894052392176413 -1.2228562834118644
33 -1.2214119008631408 -0.9844847637997437 -1.4707407214834576 -1.1848010863202965
34 -1.2053401546729077 -0.986089263200018 -1.4690460919393291 -1.1622456081969688
35 -1.2431302723240991 -0.9826045149936765 -1.435351977353068 -1.196485965482026
36 -1.2256668618920494 -0.9896903226508063 -1.433563901714158 -1.173986122644632
37 -1.2497177389311085 -0.9374139490627833 -1.4373890689378426 -1.2005724359661554
38 -1.233504449937066 -1.0095087392735345 -1.4686777035401768 -1.2223704419404058
39 -1.2327321252665038 -1.0045232052885362 -1.4583112795366977 -1.2039903338800848
40 -1.2046452461787027 -0.9704395514510192 -1.4988784596923073 -1.1597203254348725
41 -1.2252825297723027 -0.9956733282094455 -1.4626848518748656 -1.2215797083337212
42 -1.225408228462078 -1.0151710917163113 -1.4254597347144577 -1.1735390657231233
43 -1.221242664393844 -0.978589884838618 -1.4595626416817353 -1.2532062532256134
44 -1.2199499695612068 -0.95263600874902 -1.4281089435005843 -1.1696120654314626
45 -1.228034469661531 -0.9735058867584274 -1.4484296375069035 -1.2141568307978623
46 -1.2315195142464712 -0.9571400743869828 -1.4486475127141625 -1.1626374440786145
47 -1.2304965721916403 -1.0016118978709094 -1.4712046678602317 -1.1799687834416817
48 -1.2374630516001988 -0.9857978011774275 -1.458633220316917 -1.2088243570004826
49 -1.2198051286005847 -0.9788615599499971 -1.488223131246466 -1.1529356937195803
50 -1.2076964530510566 -0.9588771076842523 -1.4483829144151676 -1.1914293098983157
51 -1.2297230334792733 -1.0004842759369081 -1.4664077030813174 -1.2085317861806435
52 -1.2302842424468496 -0.9748525692700616 -1.4551289256470832 -1.230290495811384
53 -1.2189382588075575 -1.0075723346078653 -1.4780273182717671 -1.2190691813270436
54 -1.2344111877957766 -0.9908342971263382 -1.4444020084794447 -1.2195124860783455
55 -1.2387188009092964 -0.9817230255092526 -1.5014276266794768 -1.1749177579862744
56 -1.2389020627262937 -1.0051654596233295 -1.48664094224001 -1.1825399124003773
57 -1.2683147267713895 -0.9649877208050297 -1.4911415727970017 -1.2527722995067232
58 -1.2162853023226765 -0.9554925100072521 -1.499496997511868 -1.2029867825696985
59 -1.2305517772809624 -1.013724576956364 -1.4791822992593493 -1.232624950041982
60 -1.2428164925048517 -0.9542700003399283 -1.472067827399926 -1.2019676320239088
61 -1.2240665842572582 -0.9793430095371902 -1.4297266270245155 -1.2088147129452482
62 -1.2286121776039902 -0.9938096748791111 -1.4591834648418494 -1.1793767458594147
63 -1.2220860716124222 -0.9797227254219608 -1.4703337214025416 -1.1580147869159958
64 -1.2297607252026501 -0.9357926779060137 -1.4934707901778674 -1.1913888845742882
65 -1.2173641642206126 -0.9858110773792924 -1.4683733258716707 -1.2073276922235237
66 -1.2228847623883743 -0.9941887169942895 -1.4619154468653688 -1.159881492237344
67 -1.2444447143640234 -1.0051776206897431 -1.4741183443705332 -1.1708898126661162
68 -1.2460730760531842 -0.9230022145849931 -1.475707540426388 -1.1867449577182496
69 -1.192140264650072 -0.9564880190314028 -1.4590192528526658 -1.191960698051718
70 -1.2273187886554684 -0.9728170790672205 -1.4872820349608744 -1.1717126213446463
71 -1.2353072118512203 -0.99757613697409 -1.5013985477719687 -1.1931843240142226
72 -1.2001042854393165 -0.9951541876690932 -1.4621735262601703 -1.1720069176055716
73 -1.2292587886992365 -0.9945217521558436 -1.4542814410160867 -1.1909075274433676
74 -1.2123883531222182 -0.977949672647981 -1.4540501860288801 -1.187103460183511
75 -1.225028830096847 -0.960056089874815 -1.481305094554032 -1.205309694884967
76 -1.237651467755215 -1.0079599744554875 -1.4429195718079681 -1.2145127277251575
77 -1.2118015507457138 -0.9762068432513737 -1.4724714895559727 -1.1955173602207632
78 -1.2433661649987817 -0.9705889320501266 -1.4620929787369272 -1.2139165258431321
79 -1.2359669074099846 -0.991912088007683 -1.5170636743116903 -1.2631017226819363
80 -1.2489957563947534 -1.0090512511157486 -1.5416041750229397 -1.1838476247419547
81 -1.2020370609338011 -0.9528715149389526 -1.4519424108768533 -1.2229476977140603
82 -1.224866889096627 -0.9843475331153841 -1.4595736645635868 -1.1875495263069404
83 -1.220065141735853 -0.9661295773198099 -1.4405475434361124 -1.1810329384335403
84 -1.2486963427550437 -1.022826911027876 -1.4489444284039354 -1.1809234557751016
85 -1.2193635980174065 -0.9860159352098076 -1.461680135141871 -1.171970526001061
86 -1.21834305885966 -0.9400584312719376 -1.4720431327350427 -1.2383984137642268
87 -1.2284545973353418 -1.002714443806399 -1.4573437113350027 -1.1628790434551926
88 -1.2101714110815291 -0.9875525736170334 -1.474031751606745 -1.200381947876307
89 -1.2461738855623121 -0.9839732488745212 -1.44384462822722 -1.1652952370031056
90 -1.2264274951171366 -0.9795969567637691 -1.4726162790303718 -1.1858492502123994
91 -1.3012540363867302 -1.0545413912059414 -1.475615590128168 -1.2274197087924363
92 -1.2532559267702112 -0.9554614456816879 -1.4539252391077233 -1.1877024457975272
93 -1.2090102839015762 -0.7285316773487855 -1.4604691235556422 -1.2129395612955685
94 -1.1779412274951988 -0.9057863162500865 -1.4453399046007744 -1.2278025728796158
95 -1.2161447864748842 -0.9518284529268465 -1.4505574121409324 -1.2143683578416646
96 -1.2278606206333862 -0.968269839224422 -1.4563518497021617 -1.1673421136405266
97 -1.2651192881159488 -1.0423950689377994 -1.502811108638157 -1.1877411796541035
98 -1.213177116797715 -0.9960501655378677 -1.4630005408489746 -1.1833802391235249
99 -1.220405046151584 -0.9970757108404851 -1.4556097684898057 -1.159920184344334
100 -1.2329509679091293 -0.959591443785592 -1.4344053719184338 -1.2034273342787283
101 -1.2402689413312045 -0.9697994022210387 -1.4599181806908925 -1.1924237875814088
102 -1.2242543665835262 -0.9158155786449647 -1.462595755664652 -1.1764971255337957
103 -1.23417471443758 -0.9826293043374322 -1.4441514328388632 -1.1832464200494437
104 -1.2210963135400552 -1.0015185356753862 -1.4775071035193021 -1.2050845229982812
105 -1.2338389347563097 -0.9692793052519112 -1.4921301935445905 -1.1504528974088792
106 -1.2091039218549746 -0.9900323479524737 -1.461073075990702 -1.2077309969508039
107 -1.2300048296314305 -0.9920673051836443 -1.4425915641825693 -1.2455723591445902
108 -1.2574839330544851 -0.9979765015025547 -1.465791810660133 -1.193171438955928
109 -1.2190318181557247 -0.9384321632209488 -1.4512422184565064 -1.1828253170000678
110 -1.2617101662539791 -1.0234237415928655 -1.4669734084435513 -1.1820570584962207
111 -1.2467176334547778 -1.0157109813901692 -1.4637712951369521 -1.1701412584271638
112 -1.2163274364838452 -1.0022065020110111 -1.4715252621665382 -1.2422477938412384
113 -1.2176562933673956 -0.9532699339802779 -1.4479007285713095 -1.278274984322724
114 -1.210869913929663 -0.9760449526990933 -1.4701916466154759 -1.1727283423498704
115 -1.2456604406205423 -1.0139149279303799 -1.4750439092638021 -1.2385359095391446
116 -1.240908995340396 -1.0057664788749126 -1.5411215368448339 -1.1857917840012262
117 -1.2461859563133901 -1.0244634105734567 -1.508129384635914 -1.1706845789789337
118 -1.2025494752278463 -0.9631503094910621 -1.470840666747505 -1.1853808365965017
119 -1.2585352321170027 -1.0259633708085294 -1.4754920226722963 -1.2137344585327754
120 -1.2469280290845242 -0.9845226802483242 -1.4441726413218272 -1.178304348352343
121 -1.244987189127345 -0.9355577263229852 -1.4862978897854058 -1.1989277836728007
122 -1.2530044762690944 -0.9791227998860111 -1.4394824401722481 -1.2037112831863168
123 -1.2304016053598315 -0.9936058726485233 -1.4593558434460452 -1.186258437389636
124 -1.2524569212390766 -0.8128792250272032 -1.4566896760291437 -1.236171070541921
125 -1.2536147218448215 -0.9906219447591613 -1.4636835396196024 -1.184730885657069
126 -1.2311915012306085 -0.9822027450774493 -1.5006755490941321 -1.1791489168076794
127 -1.251338465676449 -0.9635978764807623 -1.4986631578666803 -1.1863511055015965
128 -1.243590627407663 -1.01232828243691 -1.445430496994817 -1.19553463042392
129 -1.2398406645847755 -0.972902603962866 -1.492706510628426 -1.145837853474852
130 -1.20524883882376 -0.9764862923494628 -1.4648269409945234 -1.2555695344578377
131 -1.2496841583493754 -1.0093004149424243 -1.4876992003611051 -1.2425531734245943
132 -1.238501162189272 -0.9784641720924812 -1.4656014410088667 -1.2186829373632024
133 -1.2537048261868886 -0.9893808310281716 -1.4294520243738047 -1.1865595824427988
134 -1.197061743807418 -0.9589628817534889 -1.4453384643073333 -1.2352196402286735
135 -1.2505274716440236 -1.00277302926824 -1.489837223736429 -1.215126304897233
136 -1.2240424067112243 -0.9688631918118935 -1.4766266982797296 -1.1670154429518425
137 -1.2410500549062253 -1.0126151552212843 -1.460866458329634 -1.1616655835147218
138 -1.2378206779770091 -0.9658326092498011 -1.4656996703323961 -1.181842974871064
139 -1.2449994593095617 -0.9582241169778176 -1.4796504351049444 -1.2129306327483373
140 -1.2202794484743449 -0.9756035966627923 -1.4846521703938547 -1.1614584212003871
141 -1.2196674184871563 -0.9587596410719441 -1.4416623498583627 -1.216886571442442
142 -1.2266591340703579 -0.9413196136410467 -1.482310674188855 -1.1953464749549765
143 -1.2282671260196603 -1.0077224457473337 -1.4473502761096741 -1.1772185838878557
144 -1.2048360866132992 -0.9734366241060463 -1.4588668952629005 -1.211267569240409
145 -1.2060205190489226 -0.978616050790454 -1.457478452883385 -1.2014188229623568
146 -1.183017530142208 -0.9786253478229473 -1.4235406210842605 -1.16769300138323
147 -1.2142835182786351 -1.003194215445832 -1.4267046832782424 -1.1738338968959017
148 -1.220029395778902 -0.9979945167537363 -1.4397193344409858 -1.1939196067388207
149 -1.2038146056019012 -0.9874610729269138 -1.4254104413306112 -1.2088685715538823
150 -1.205103063179846 -0.9719831805298935 -1.4295212255939567 -1.2512495449440006
151 -1.1854319694522566 -0.9914440635267248 -1.4420711269919355 -1.1923523961091658
