0 -1.2183136864589585 -1.5832876102933733 -1.5760919567010496 -1.8281739585399313
1 5.537722245920702 -6.805021011548769 -1.570142871204468 -1.8543395956976652
2 -0.3743285871023702 -2.1974210335593445 -1.5959566638602558 -1.8352790512228019
3 -1.234580389505928 -1.726970286593713 -1.5692473574051657 -1.8454626495360746
4 -1.1921417122164184 -1.5537103729094945 -1.618592240180765 -1.8153125533940966
5 -0.9793601267917893 -1.7407828897490094 -1.5592895485953746 -1.7816074988250015
6 -1.9142785442120538 -1.0231805051621845 -1.650430163877032 -1.7882935994076883
7 -1.6229087378365514 -1.2395524534758497 -1.6509438768255438 -1.7880336003418653
8 -1.1068107297325427 -1.5727452682268162 -1.5862872261292087 -1.8745616080375243
9 -1.2982284107814113 -1.4667755913074558 -1.5748987339942047 -1.8189387781949682
10 -3.939476650485125 0.7590414280823353 -1.6844739513946543 -1.7888176356355494
11 -2.1420732401576883 -0.7298912079702408 -1.6367800500573884 -1.7855246010164998
12 -1.2440156213980302 -1.4835159908830686 -1.5647436360129499 -1.8439103649081785
13 -1.5563206602843178 -1.2554855444235071 -1.6156935596651696 -1.7872580402359943
14 -1.4546552207618677 -3.5917525943736037 -1.6651275519528608 -1.7909638616993817
15 -2.2900468477559506 -0.7158422255326924 -1.6437185684889108 -1.7969029434841624
16 -1.3590308920185172 -1.5443800777561876 -1.698104177289054 -1.8605661177687636
17 -1.2660642579097772 -1.512309993224661 -1.6726928312356328 -1.82816521558756
18 -1.0265219268784325 -1.7299972415674167 -1.6300539011010005 -1.7865879733430623
19 -1.2627821826706116 -1.5057505163708669 -1.6649587906623515 -1.8154764897369018
20 -1.2631618970465666 -1.5654656961423874 -1.6211656493130053 -1.841962403292908
21 -1.3244561403944035 -1.4362716940891564 -1.6228084749482188 -1.8044282770793618
22 0.1277783932447717 -2.4753502777491376 -1.6222778468091064 -1.7819636118715185
23 -0.10348850664265755 -2.3172322449456817 -1.6400733026847418 -1.8138891031848239
24 -1.3264577440162035 -1.497358976171844 -1.6456346607243413 -1.798851148732877
25 12.03015847039726 -11.953279498455563 -1.682170118192746 -1.8189546013997864
26 -1.300997781879355 -1.5318405712804986 -1.6355564088388364 -1.7611756313684728
27 -1.7333870579278412 -1.1918554793499576 -1.6908706198652192 -1.803326982512142
28 -1.5115527533358633 -1.3325959894510446 -1.6558597933084238 -1.7569727777560156
29 -1.2461627227866343 -1.5432332674134555 -1.7016928357200092 -1.784140373415182
30 -1.3217683345852576 -1.46546448112476 -1.6404844839869253 -1.781813239305869
31 -1.2313978207752607 -1.5410420031936871 -1.6523556253038914 -1.8043871326671983
32 35.76431682511859 -30.37787212325301 -1.657225782073409 -1.8398239309797062
33 -1.3142021503842876 -1.485257607130043 -1.6557632573740522 -1.78087852775302
34 -1.3405731234050793 -1.5031028307657686 -1.630906880767142 -1.7979303194605976
35 -1.2414001017848464 -1.6083197196803798 -1.6765016429338053 -1.8555135025229537
36 -1.5703173555911962 -1.2411386927505552 -1.652542634511685 -1.7217280305781353
37 -1.3357167147141842 -1.4592674975010922 -1.6294451826429763 -1.7824893869212188
38 -1.2343108628820516 -1.5448688402805646 -1.6426828234129345 -1.8086863504069026
39 -1.263264637162647 -1.5138822760582573 -1.6293452466150995 -1.7783081977178408
40 -1.3024914026924597 -1.4554276434009683 -1.6293584427787162 -1.7671592562120546
41 -1.2593945838588412 -1.7731149415936043 -1.649276720982996 -1.817778924812222
42 -1.348598196834342 -1.4751580658419325 -1.6569990795844967 -1.7970600397627785
43 -1.3865130885775638 -1.4102803226236904 -1.6824144297773267 -1.7880688525953756
44 -1.3346154552272946 -1.4944731758612635 -1.657514023451486 -1.8409602645826384
45 -1.317124383213863 -1.5305723211005817 -1.6503093965700164 -1.863237254436408
46 -1.5603706550457341 -1.2952689091098122 -1.641983047185241 -1.7657164271898858
47 -1.1276552520284702 -1.5888571050692977 -1.605908440960356 -1.7975383905554219
48 -1.5593714689217362 -1.3360836023450693 -1.6541507891150182 -1.776910356158175
49 -1.3238302863090952 -1.5547518849564306 -1.6249065564503802 -1.7986561309599844
50 -1.2187188973162082 -1.5769779329650044 -1.6251098159524648 -1.7682117922080876
51 -1.4023577904241078 -1.0150719084082889 -1.6855000785232153 -1.7760158135981041
52 -1.175114462077666 -1.5837953549918986 -1.6575818609641289 -1.8213288493183526
53 -1.276390093455303 -1.5357047833612645 -1.6499059855265372 -1.8304312772497027
54 -1.6581757829870825 -1.1704539859493175 -1.6704116658853505 -1.769696178292282
55 -1.5805715088977244 -1.271231186572649 -1.646780745290469 -1.7263618419398212
56 -1.256415081250788 -1.5365429985002774 -1.6769045122886013 -1.7774230179562291
57 -1.3510268597850823 -1.4757268668614518 -1.636359682955911 -1.8653134477106879
58 -1.2153146358984033 -1.5855445110604336 -1.6486482992618352 -1.7436543308074708
59 -2.513901167116765 -0.46838801952002923 -1.7112345876652733 -1.76832216786971
60 -2.38887890694432 -0.6264048670649403 -1.649344474502779 -1.816931314512764
61 -1.314776208365077 -1.4693749600649724 -1.62571993165634 -1.766197708641624
62 -1.5527909391186 -1.3970117532953785 -1.6803806617809316 -1.7604548499159802
63 -1.2965486607233792 -1.5379198216515682 -1.63386059865394 -1.8307700202647919
64 -1.2169807637756136 -1.8648318408481186 -1.5992971375377212 -1.851028284516246
65 -1.2203123656484371 -1.5177763015783359 -1.5780987662562453 -1.8084187648896428
66 -1.2022299145557676 -1.513485756383765 -1.637418481013688 -1.8554567254062357
